RBD,ESTABLECIMIENTO,NIVEL,SECTOR,INS,INT,SAT
6500,COMPLEJO EDUCACIONAL DARÍO SALAS,II. Medio,Lectura,8.22,65.75,26.03
6587,ESCUELA ALEJANDRO GOROSTIAGA,3.° Básico,Lectura,8.11,24.32,67.57
6458,ESCUELA BASICA CALOF,4.° Básico,Lectura,75.00,25.00,0.00
6397,LICEO MUNICIPAL BARROS ARANA,7.° Básico,Lectura,7.14,92.86,0.00
6499,ROMILIO ADRIAZOLA,7.° Básico,Lectura,7.14,67.86,25.00
6528,ESCUELA BASICA BAJO YUPEHUE,5.° Básico,Lectura,66.67,33.33,0.00
6587,ESCUELA ALEJANDRO GOROSTIAGA,4.° Básico,Lectura,63.16,31.58,5.26
6459,ESC. BASICA ANTONIO LADINO,3.° Básico,Lectura,60.00,20.00,20.00
6500,COMPLEJO EDUCACIONAL DARÍO SALAS,7.° Básico,Lectura,6.78,77.97,15.25
6452,LICEO REINO DE SUECIA,8.° Básico,Lectura,6.25,87.50,6.25
6585,LICEO BICENTENARIO LUIS GONZALEZ VASQUEZ 6585-4,I. Medio,Lectura,51.56,48.44,0.00
6374,ESCUELA BASICA RURAL FLOR DEL VALLE,6.° Básico,Lectura,50.00,50.00,0.00
6458,ESCUELA BASICA CALOF,7.° Básico,Lectura,50.00,50.00,0.00
6459,ESC. BASICA ANTONIO LADINO,2.° Básico,Lectura,50.00,50.00,0.00
6459,ESC. BASICA ANTONIO LADINO,4.° Básico,Lectura,50.00,50.00,0.00
6397,LICEO MUNICIPAL BARROS ARANA,I. Medio,Lectura,45.45,54.55,0.00
6459,ESC. BASICA ANTONIO LADINO,6.° Básico,Lectura,45.45,54.55,0.00
6588,ESCUELA REPUBLICA,7.° Básico,Lectura,44.44,50.00,5.56
6585,LICEO BICENTENARIO LUIS GONZALEZ VASQUEZ 6585-4,8.° Básico,Lectura,42.86,57.14,0.00
20248,LICEO MUNICIPAL TROVOLHUE,8.° Básico,Lectura,42.86,42.86,14.29
6528,ESCUELA BASICA BAJO YUPEHUE,6.° Básico,Lectura,40.00,60.00,0.00
6349,ESCUELA AGUAS Y GAVIOTAS,7.° Básico,Lectura,4.88,65.85,29.27
6452,LICEO REINO DE SUECIA,7.° Básico,Lectura,4.35,69.57,26.09
6500,COMPLEJO EDUCACIONAL DARÍO SALAS,5.° Básico,Lectura,4.35,82.61,13.04
20053,LICEO TECNICO PROFESIONAL HUALPIN,II. Medio,Lectura,38.46,53.85,7.69
6455,ESCUELA BASICA BARTOLO LLANCALEO,4.° Básico,Lectura,37.50,50.00,12.50
6459,ESC. BASICA ANTONIO LADINO,8.° Básico,Lectura,37.50,62.50,0.00
6588,ESCUELA REPUBLICA,6.° Básico,Lectura,36.84,47.37,15.79
20053,LICEO TECNICO PROFESIONAL HUALPIN,I. Medio,Lectura,36.36,63.64,0.00
6500,COMPLEJO EDUCACIONAL DARÍO SALAS,I. Medio,Lectura,36.05,59.30,4.65
6587,ESCUELA ALEJANDRO GOROSTIAGA,7.° Básico,Lectura,34.92,61.90,3.17
6351,ESCUELA EL SEMBRADOR,3.° Básico,Lectura,33.33,66.67,0.00
6373,ESCUELA PORMA,5.° Básico,Lectura,33.33,33.33,33.33
6528,ESCUELA BASICA BAJO YUPEHUE,4.° Básico,Lectura,33.33,66.67,0.00
6528,ESCUELA BASICA BAJO YUPEHUE,8.° Básico,Lectura,33.33,66.67,0.00
6589,ESCUELA JUAN XXIII,2.° Básico,Lectura,33.33,66.67,0.00
6501,ESCUELA BASICA KIM RUKA,7.° Básico,Lectura,30.51,62.71,6.78
6588,ESCUELA REPUBLICA,8.° Básico,Lectura,30.43,56.52,13.04
6452,LICEO REINO DE SUECIA,I. Medio,Lectura,30.19,67.92,1.89
6352,ESCUELA AMANECER DE VILLA LOS BOLDOS,4.° Básico,Lectura,30.00,30.00,40.00
6499,ROMILIO ADRIAZOLA,4.° Básico,Lectura,30.00,56.67,13.33
6589,ESCUELA JUAN XXIII,5.° Básico,Lectura,3.85,73.08,23.08
6399,ESCUELA HORIZONTES,8.° Básico,Lectura,3.70,81.48,14.81
6349,ESCUELA AGUAS Y GAVIOTAS,8.° Básico,Lectura,3.13,68.75,28.13
6457,ESC. BASICA AUGUSTO WINTER TAPIA,6.° Básico,Lectura,29.17,70.83,0.00
6399,ESCUELA HORIZONTES,4.° Básico,Lectura,28.57,28.57,42.86
6457,ESC. BASICA AUGUSTO WINTER TAPIA,5.° Básico,Lectura,28.57,64.29,7.14
6589,ESCUELA JUAN XXIII,7.° Básico,Lectura,28.57,53.57,17.86
6585,LICEO BICENTENARIO LUIS GONZALEZ VASQUEZ 6585-4,II. Medio,Lectura,28.13,62.50,9.38
6397,LICEO MUNICIPAL BARROS ARANA,6.° Básico,Lectura,27.78,72.22,0.00
6352,ESCUELA AMANECER DE VILLA LOS BOLDOS,3.° Básico,Lectura,27.27,45.45,27.27
6587,ESCUELA ALEJANDRO GOROSTIAGA,5.° Básico,Lectura,27.27,72.73,0.00
6457,ESC. BASICA AUGUSTO WINTER TAPIA,8.° Básico,Lectura,26.92,65.38,7.69
6502,ESCUELA BASICA NEHUENTUE,4.° Básico,Lectura,26.67,53.33,20.00
20248,LICEO MUNICIPAL TROVOLHUE,II. Medio,Lectura,25.71,60.00,14.29
6459,ESC. BASICA ANTONIO LADINO,5.° Básico,Lectura,25.00,62.50,12.50
6497,COMPLEJO EDUCACIONAL CLAUDIO ARRAU LEON,I. Medio,Lectura,25.00,50.00,25.00
6593,ESCUELA BASICA EL CRUCERO,6.° Básico,Lectura,25.00,75.00,0.00
6587,ESCUELA ALEJANDRO GOROSTIAGA,2.° Básico,Lectura,24.00,56.00,20.00
6351,ESCUELA EL SEMBRADOR,7.° Básico,Lectura,23.08,61.54,15.38
6397,LICEO MUNICIPAL BARROS ARANA,5.° Básico,Lectura,23.08,76.92,0.00
6399,ESCUELA HORIZONTES,7.° Básico,Lectura,23.08,57.69,19.23
6587,ESCUELA ALEJANDRO GOROSTIAGA,6.° Básico,Lectura,22.73,77.27,0.00
6349,ESCUELA AGUAS Y GAVIOTAS,6.° Básico,Lectura,22.22,69.44,8.33
20248,LICEO MUNICIPAL TROVOLHUE,I. Medio,Lectura,21.74,73.91,4.35
6351,ESCUELA EL SEMBRADOR,4.° Básico,Lectura,20.00,33.33,46.67
6352,ESCUELA AMANECER DE VILLA LOS BOLDOS,5.° Básico,Lectura,20.00,80.00,0.00
6399,ESCUELA HORIZONTES,6.° Básico,Lectura,20.00,75.00,5.00
6452,LICEO REINO DE SUECIA,5.° Básico,Lectura,20.00,70.00,10.00
6455,ESCUELA BASICA BARTOLO LLANCALEO,3.° Básico,Lectura,20.00,60.00,20.00
6501,ESCUELA BASICA KIM RUKA,8.° Básico,Lectura,20.00,71.43,8.57
6501,ESCUELA BASICA KIM RUKA,6.° Básico,Lectura,20.00,76.00,4.00
6502,ESCUELA BASICA NEHUENTUE,7.° Básico,Lectura,20.00,65.00,15.00
6588,ESCUELA REPUBLICA,4.° Básico,Lectura,20.00,60.00,20.00
6497,COMPLEJO EDUCACIONAL CLAUDIO ARRAU LEON,II. Medio,Lectura,2.86,74.29,22.86
6587,ESCUELA ALEJANDRO GOROSTIAGA,8.° Básico,Lectura,19.12,77.94,2.94
20248,LICEO MUNICIPAL TROVOLHUE,7.° Básico,Lectura,18.18,81.82,0.00
6351,ESCUELA EL SEMBRADOR,5.° Básico,Lectura,16.67,75.00,8.33
6352,ESCUELA AMANECER DE VILLA LOS BOLDOS,6.° Básico,Lectura,16.67,83.33,0.00
6349,ESCUELA AGUAS Y GAVIOTAS,5.° Básico,Lectura,16.00,76.00,8.00
6502,ESCUELA BASICA NEHUENTUE,8.° Básico,Lectura,15.79,73.68,10.53
6397,LICEO MUNICIPAL BARROS ARANA,8.° Básico,Lectura,15.38,76.92,7.69
6589,ESCUELA JUAN XXIII,6.° Básico,Lectura,15.38,76.92,7.69
6588,ESCUELA REPUBLICA,5.° Básico,Lectura,15.00,30.00,55.00
6352,ESCUELA AMANECER DE VILLA LOS BOLDOS,8.° Básico,Lectura,14.29,42.86,42.86
6397,LICEO MUNICIPAL BARROS ARANA,3.° Básico,Lectura,14.29,57.14,28.57
6459,ESC. BASICA ANTONIO LADINO,7.° Básico,Lectura,14.29,57.14,28.57
6399,ESCUELA HORIZONTES,5.° Básico,Lectura,13.04,47.83,39.13
6504,ESCUELA TRANAPUENTE,3.° Básico,Lectura,12.50,37.50,50.00
6528,ESCUELA BASICA BAJO YUPEHUE,7.° Básico,Lectura,12.50,87.50,0.00
6452,LICEO REINO DE SUECIA,II. Medio,Lectura,12.12,72.73,15.15
6351,ESCUELA EL SEMBRADOR,2.° Básico,Lectura,11.11,33.33,55.56
6351,ESCUELA EL SEMBRADOR,6.° Básico,Lectura,11.11,88.89,0.00
6452,LICEO REINO DE SUECIA,6.° Básico,Lectura,11.11,83.33,5.56
6501,ESCUELA BASICA KIM RUKA,5.° Básico,Lectura,11.11,63.49,25.40
6504,ESCUELA TRANAPUENTE,4.° Básico,Lectura,100.00,0.00,0.00
6504,ESCUELA TRANAPUENTE,8.° Básico,Lectura,100.00,0.00,0.00
6397,LICEO MUNICIPAL BARROS ARANA,II. Medio,Lectura,10.00,90.00,0.00
6350,ESCUELA RAYEN LAFQUEN QUEULE,6.° Básico,Lectura,0.00,100.00,0.00
6350,ESCUELA RAYEN LAFQUEN QUEULE,8.° Básico,Lectura,0.00,18.75,81.25
6350,ESCUELA RAYEN LAFQUEN QUEULE,5.° Básico,Lectura,0.00,21.05,78.95
6350,ESCUELA RAYEN LAFQUEN QUEULE,7.° Básico,Lectura,0.00,40.91,59.09
6351,ESCUELA EL SEMBRADOR,8.° Básico,Lectura,0.00,100.00,0.00
6352,ESCUELA AMANECER DE VILLA LOS BOLDOS,2.° Básico,Lectura,0.00,70.00,30.00
6352,ESCUELA AMANECER DE VILLA LOS BOLDOS,7.° Básico,Lectura,0.00,92.86,7.14
6361,ESCUELA DE CAYCHAYEN,2.° Básico,Lectura,0.00,100.00,0.00
6361,ESCUELA DE CAYCHAYEN,5.° Básico,Lectura,0.00,100.00,0.00
6370,ESCUELA LA CONCEPCION,2.° Básico,Lectura,0.00,0.00,100.00
6370,ESCUELA LA CONCEPCION,5.° Básico,Lectura,0.00,100.00,0.00
6371,ESCUELA ANTU-LAFQUEN,6.° Básico,Lectura,0.00,100.00,0.00
6371,ESCUELA ANTU-LAFQUEN,5.° Básico,Lectura,0.00,25.00,75.00
6373,ESCUELA PORMA,6.° Básico,Lectura,0.00,100.00,0.00
6374,ESCUELA BASICA RURAL FLOR DEL VALLE,3.° Básico,Lectura,0.00,0.00,100.00
6374,ESCUELA BASICA RURAL FLOR DEL VALLE,5.° Básico,Lectura,0.00,100.00,0.00
6397,LICEO MUNICIPAL BARROS ARANA,4.° Básico,Lectura,0.00,100.00,0.00
6399,ESCUELA HORIZONTES,3.° Básico,Lectura,0.00,26.32,73.68
6399,ESCUELA HORIZONTES,2.° Básico,Lectura,0.00,9.09,90.91
6411,ESCUELA PUYEHUE,2.° Básico,Lectura,0.00,0.00,100.00
6411,ESCUELA PUYEHUE,3.° Básico,Lectura,0.00,0.00,100.00
6411,ESCUELA PUYEHUE,4.° Básico,Lectura,0.00,0.00,100.00
6411,ESCUELA PUYEHUE,5.° Básico,Lectura,0.00,100.00,0.00
6411,ESCUELA PUYEHUE,6.° Básico,Lectura,0.00,16.67,83.33
6415,ESCUELA LOS TRONCOS,2.° Básico,Lectura,0.00,0.00,100.00
6415,ESCUELA LOS TRONCOS,6.° Básico,Lectura,0.00,100.00,0.00
6455,ESCUELA BASICA BARTOLO LLANCALEO,2.° Básico,Lectura,0.00,100.00,0.00
6455,ESCUELA BASICA BARTOLO LLANCALEO,5.° Básico,Lectura,0.00,100.00,0.00
6455,ESCUELA BASICA BARTOLO LLANCALEO,6.° Básico,Lectura,0.00,71.43,28.57
6455,ESCUELA BASICA BARTOLO LLANCALEO,8.° Básico,Lectura,0.00,71.43,28.57
6455,ESCUELA BASICA BARTOLO LLANCALEO,7.° Básico,Lectura,0.00,83.33,16.67
6457,ESC. BASICA AUGUSTO WINTER TAPIA,7.° Básico,Lectura,0.00,100.00,0.00
6458,ESCUELA BASICA CALOF,2.° Básico,Lectura,0.00,0.00,100.00
6458,ESCUELA BASICA CALOF,6.° Básico,Lectura,0.00,100.00,0.00
6458,ESCUELA BASICA CALOF,8.° Básico,Lectura,0.00,100.00,0.00
6458,ESCUELA BASICA CALOF,3.° Básico,Lectura,0.00,75.00,25.00
6458,ESCUELA BASICA CALOF,5.° Básico,Lectura,0.00,88.89,11.11
6499,ROMILIO ADRIAZOLA,2.° Básico,Lectura,0.00,4.55,95.45
6499,ROMILIO ADRIAZOLA,3.° Básico,Lectura,0.00,60.87,39.13
6499,ROMILIO ADRIAZOLA,8.° Básico,Lectura,0.00,8.33,91.67
6499,ROMILIO ADRIAZOLA,6.° Básico,Lectura,0.00,80.00,20.00
6499,ROMILIO ADRIAZOLA,5.° Básico,Lectura,0.00,87.50,12.50
6502,ESCUELA BASICA NEHUENTUE,2.° Básico,Lectura,0.00,0.00,100.00
6502,ESCUELA BASICA NEHUENTUE,3.° Básico,Lectura,0.00,54.55,45.45
6502,ESCUELA BASICA NEHUENTUE,5.° Básico,Lectura,0.00,57.14,42.86
6502,ESCUELA BASICA NEHUENTUE,6.° Básico,Lectura,0.00,66.67,33.33
6506,ESCUELA MUNICIPAL DINAMARCA,3.° Básico,Lectura,0.00,0.00,100.00
6506,ESCUELA MUNICIPAL DINAMARCA,5.° Básico,Lectura,0.00,100.00,0.00
6508,"ESCUELA BASICA DINAMARCA, LUCERO",6.° Básico,Lectura,0.00,100.00,0.00
6508,"ESCUELA BASICA DINAMARCA, LUCERO",5.° Básico,Lectura,0.00,50.00,50.00
6510,ESCUELA BASICA PAILACOYAN,2.° Básico,Lectura,0.00,100.00,0.00
6512,ESCUELA VILLA LAS ARAUCARIAS,5.° Básico,Lectura,0.00,100.00,0.00
6512,ESCUELA VILLA LAS ARAUCARIAS,6.° Básico,Lectura,0.00,100.00,0.00
6515,ESCUELA CATRIPULLI,6.° Básico,Lectura,0.00,100.00,0.00
6518,ESCUELA BASICA EL MANZANO,2.° Básico,Lectura,0.00,100.00,0.00
6518,ESCUELA BASICA EL MANZANO,3.° Básico,Lectura,0.00,100.00,0.00
6518,ESCUELA BASICA EL MANZANO,5.° Básico,Lectura,0.00,100.00,0.00
6522,ESCUELA BASICA PUYANGUE,2.° Básico,Lectura,0.00,100.00,0.00
6522,ESCUELA BASICA PUYANGUE,6.° Básico,Lectura,0.00,100.00,0.00
6524,ESCUELA CULLINCO,6.° Básico,Lectura,0.00,100.00,0.00
6528,ESCUELA BASICA BAJO YUPEHUE,2.° Básico,Lectura,0.00,100.00,0.00
6528,ESCUELA BASICA BAJO YUPEHUE,3.° Básico,Lectura,0.00,60.00,40.00
6539,ESCUELA BASICA COI COI,2.° Básico,Lectura,0.00,100.00,0.00
6539,ESCUELA BASICA COI COI,6.° Básico,Lectura,0.00,100.00,0.00
6539,ESCUELA BASICA COI COI,3.° Básico,Lectura,0.00,66.67,33.33
6588,ESCUELA REPUBLICA,2.° Básico,Lectura,0.00,13.33,86.67
6588,ESCUELA REPUBLICA,3.° Básico,Lectura,0.00,25.00,75.00
6589,ESCUELA JUAN XXIII,8.° Básico,Lectura,0.00,88.89,11.11
6593,ESCUELA BASICA EL CRUCERO,7.° Básico,Lectura,0.00,100.00,0.00
6593,ESCUELA BASICA EL CRUCERO,8.° Básico,Lectura,0.00,62.50,37.50
6593,ESCUELA BASICA EL CRUCERO,5.° Básico,Lectura,0.00,85.71,14.29
6635,ESC. BASICA LOS ROBLES,3.° Básico,Lectura,0.00,0.00,100.00
6635,ESC. BASICA LOS ROBLES,4.° Básico,Lectura,0.00,0.00,100.00
6635,ESC. BASICA LOS ROBLES,5.° Básico,Lectura,0.00,0.00,100.00
6635,ESC. BASICA LOS ROBLES,6.° Básico,Lectura,0.00,100.00,0.00
6587,ESCUELA ALEJANDRO GOROSTIAGA,5.° Básico,Matematicas,95.83,4.17,0.00
6457,ESC. BASICA AUGUSTO WINTER TAPIA,8.° Básico,Matematicas,95.24,4.76,0.00
6504,ESCUELA TRANAPUENTE,7.° Básico,Matematicas,94.74,5.26,0.00
6452,LICEO REINO DE SUECIA,II. Medio,Matematicas,89.29,10.71,0.00
6399,ESCUELA HORIZONTES,8.° Básico,Matematicas,86.96,13.04,0.00
6351,ESCUELA EL SEMBRADOR,7.° Básico,Matematicas,86.67,13.33,0.00
6500,COMPLEJO EDUCACIONAL DARÍO SALAS,I. Medio,Matematicas,85.71,13.19,1.10
6504,ESCUELA TRANAPUENTE,6.° Básico,Matematicas,85.71,14.29,0.00
20248,LICEO MUNICIPAL TROVOLHUE,8.° Básico,Matematicas,85.71,14.29,0.00
6397,LICEO MUNICIPAL BARROS ARANA,8.° Básico,Matematicas,84.62,15.38,0.00
6587,ESCUELA ALEJANDRO GOROSTIAGA,7.° Básico,Matematicas,83.87,16.13,0.00
6452,LICEO REINO DE SUECIA,I. Medio,Matematicas,82.00,18.00,0.00
6587,ESCUELA ALEJANDRO GOROSTIAGA,8.° Básico,Matematicas,80.30,19.70,0.00
6397,LICEO MUNICIPAL BARROS ARANA,4.° Básico,Matematicas,80.00,20.00,0.00
6500,COMPLEJO EDUCACIONAL DARÍO SALAS,II. Medio,Matematicas,79.45,20.55,0.00
6497,COMPLEJO EDUCACIONAL CLAUDIO ARRAU LEON,II. Medio,Matematicas,76.00,16.00,8.00
6585,LICEO BICENTENARIO LUIS GONZALEZ VASQUEZ 6585-4,7.° Básico,Matematicas,73.33,26.67,0.00
6504,ESCUELA TRANAPUENTE,5.° Básico,Matematicas,72.73,27.27,0.00
6457,ESC. BASICA AUGUSTO WINTER TAPIA,7.° Básico,Matematicas,71.43,28.57,0.00
6459,ESC. BASICA ANTONIO LADINO,7.° Básico,Matematicas,71.43,28.57,0.00
6457,ESC. BASICA AUGUSTO WINTER TAPIA,6.° Básico,Matematicas,70.83,29.17,0.00
6458,ESCUELA BASICA CALOF,7.° Básico,Matematicas,70.00,30.00,0.00
6587,ESCUELA ALEJANDRO GOROSTIAGA,4.° Básico,Matematicas,70.00,23.33,6.67
6500,COMPLEJO EDUCACIONAL DARÍO SALAS,7.° Básico,Matematicas,69.49,30.51,0.00
6397,LICEO MUNICIPAL BARROS ARANA,7.° Básico,Matematicas,69.23,30.77,0.00
6587,ESCUELA ALEJANDRO GOROSTIAGA,6.° Básico,Matematicas,68.42,31.58,0.00
20053,LICEO TECNICO PROFESIONAL HUALPIN,I. Medio,Matematicas,68.18,31.82,0.00
6352,ESCUELA AMANECER DE VILLA LOS BOLDOS,6.° Básico,Matematicas,66.67,33.33,0.00
6399,ESCUELA HORIZONTES,7.° Básico,Matematicas,66.67,33.33,0.00
6452,LICEO REINO DE SUECIA,5.° Básico,Matematicas,66.67,26.67,6.67
6458,ESCUELA BASICA CALOF,6.° Básico,Matematicas,66.67,33.33,0.00
6458,ESCUELA BASICA CALOF,8.° Básico,Matematicas,66.67,33.33,0.00
6501,ESCUELA BASICA KIM RUKA,7.° Básico,Matematicas,63.24,35.29,1.47
6351,ESCUELA EL SEMBRADOR,3.° Básico,Matematicas,60.00,40.00,0.00
6455,ESCUELA BASICA BARTOLO LLANCALEO,3.° Básico,Matematicas,60.00,40.00,0.00
20248,LICEO MUNICIPAL TROVOLHUE,7.° Básico,Matematicas,60.00,40.00,0.00
6588,ESCUELA REPUBLICA,4.° Básico,Matematicas,6.67,40.00,53.33
6452,LICEO REINO DE SUECIA,7.° Básico,Matematicas,59.09,40.91,0.00
6502,ESCUELA BASICA NEHUENTUE,8.° Básico,Matematicas,57.89,36.84,5.26
6497,COMPLEJO EDUCACIONAL CLAUDIO ARRAU LEON,I. Medio,Matematicas,57.45,40.43,2.13
6457,ESC. BASICA AUGUSTO WINTER TAPIA,5.° Básico,Matematicas,57.14,42.86,0.00
6588,ESCUELA REPUBLICA,8.° Básico,Matematicas,57.14,38.10,4.76
6593,ESCUELA BASICA EL CRUCERO,5.° Básico,Matematicas,57.14,42.86,0.00
6397,LICEO MUNICIPAL BARROS ARANA,6.° Básico,Matematicas,56.25,43.75,0.00
6351,ESCUELA EL SEMBRADOR,6.° Básico,Matematicas,55.56,44.44,0.00
6501,ESCUELA BASICA KIM RUKA,8.° Básico,Matematicas,54.05,43.24,2.70
6349,ESCUELA AGUAS Y GAVIOTAS,7.° Básico,Matematicas,52.38,47.62,0.00
6351,ESCUELA EL SEMBRADOR,4.° Básico,Matematicas,50.00,35.71,14.29
6374,ESCUELA BASICA RURAL FLOR DEL VALLE,6.° Básico,Matematicas,50.00,0.00,50.00
6458,ESCUELA BASICA CALOF,4.° Básico,Matematicas,50.00,0.00,50.00
6508,"ESCUELA BASICA DINAMARCA, LUCERO",6.° Básico,Matematicas,50.00,50.00,0.00
6588,ESCUELA REPUBLICA,6.° Básico,Matematicas,50.00,37.50,12.50
6588,ESCUELA REPUBLICA,7.° Básico,Matematicas,50.00,50.00,0.00
6351,ESCUELA EL SEMBRADOR,8.° Básico,Matematicas,44.44,55.56,0.00
6459,ESC. BASICA ANTONIO LADINO,6.° Básico,Matematicas,44.44,55.56,0.00
6455,ESCUELA BASICA BARTOLO LLANCALEO,8.° Básico,Matematicas,42.86,57.14,0.00
6399,ESCUELA HORIZONTES,3.° Básico,Matematicas,4.76,33.33,61.90
6502,ESCUELA BASICA NEHUENTUE,5.° Básico,Matematicas,4.76,42.86,52.38
6452,LICEO REINO DE SUECIA,6.° Básico,Matematicas,38.89,61.11,0.00
6352,ESCUELA AMANECER DE VILLA LOS BOLDOS,4.° Básico,Matematicas,37.50,12.50,50.00
6455,ESCUELA BASICA BARTOLO LLANCALEO,4.° Básico,Matematicas,37.50,62.50,0.00
6459,ESC. BASICA ANTONIO LADINO,5.° Básico,Matematicas,37.50,62.50,0.00
6459,ESC. BASICA ANTONIO LADINO,8.° Básico,Matematicas,37.50,62.50,0.00
6397,LICEO MUNICIPAL BARROS ARANA,5.° Básico,Matematicas,36.36,54.55,9.09
6352,ESCUELA AMANECER DE VILLA LOS BOLDOS,7.° Básico,Matematicas,35.71,57.14,7.14
6501,ESCUELA BASICA KIM RUKA,6.° Básico,Matematicas,33.90,57.63,8.47
6352,ESCUELA AMANECER DE VILLA LOS BOLDOS,5.° Básico,Matematicas,33.33,66.67,0.00
6373,ESCUELA PORMA,6.° Básico,Matematicas,33.33,66.67,0.00
6458,ESCUELA BASICA CALOF,5.° Básico,Matematicas,33.33,55.56,11.11
6497,COMPLEJO EDUCACIONAL CLAUDIO ARRAU LEON,7.° Básico,Matematicas,33.33,66.67,0.00
6528,ESCUELA BASICA BAJO YUPEHUE,5.° Básico,Matematicas,33.33,66.67,0.00
6593,ESCUELA BASICA EL CRUCERO,6.° Básico,Matematicas,33.33,66.67,0.00
6593,ESCUELA BASICA EL CRUCERO,7.° Básico,Matematicas,33.33,66.67,0.00
6500,COMPLEJO EDUCACIONAL DARÍO SALAS,5.° Básico,Matematicas,30.30,66.67,3.03
6352,ESCUELA AMANECER DE VILLA LOS BOLDOS,8.° Básico,Matematicas,30.00,20.00,50.00
6502,ESCUELA BASICA NEHUENTUE,7.° Básico,Matematicas,30.00,65.00,5.00
6499,ROMILIO ADRIAZOLA,5.° Básico,Matematicas,3.85,46.15,50.00
6499,ROMILIO ADRIAZOLA,4.° Básico,Matematicas,3.03,60.61,36.36
6499,ROMILIO ADRIAZOLA,8.° Básico,Matematicas,25.93,70.37,3.70
6351,ESCUELA EL SEMBRADOR,5.° Básico,Matematicas,25.00,66.67,8.33
6397,LICEO MUNICIPAL BARROS ARANA,3.° Básico,Matematicas,25.00,50.00,25.00
6349,ESCUELA AGUAS Y GAVIOTAS,6.° Básico,Matematicas,23.08,64.10,12.82
6499,ROMILIO ADRIAZOLA,3.° Básico,Matematicas,21.74,65.22,13.04
6499,ROMILIO ADRIAZOLA,7.° Básico,Matematicas,20.69,65.52,13.79
6589,ESCUELA JUAN XXIII,6.° Básico,Matematicas,20.69,55.17,24.14
6459,ESC. BASICA ANTONIO LADINO,4.° Básico,Matematicas,20.00,80.00,0.00
6349,ESCUELA AGUAS Y GAVIOTAS,5.° Básico,Matematicas,19.23,57.69,23.08
6349,ESCUELA AGUAS Y GAVIOTAS,8.° Básico,Matematicas,18.18,63.64,18.18
6455,ESCUELA BASICA BARTOLO LLANCALEO,7.° Básico,Matematicas,16.67,66.67,16.67
6589,ESCUELA JUAN XXIII,8.° Básico,Matematicas,16.00,68.00,16.00
6589,ESCUELA JUAN XXIII,7.° Básico,Matematicas,13.33,53.33,33.33
6587,ESCUELA ALEJANDRO GOROSTIAGA,3.° Básico,Matematicas,12.82,43.59,43.59
6589,ESCUELA JUAN XXIII,5.° Básico,Matematicas,12.50,37.50,50.00
6588,ESCUELA REPUBLICA,5.° Básico,Matematicas,11.76,76.47,11.76
6528,ESCUELA BASICA BAJO YUPEHUE,4.° Básico,Matematicas,11.11,88.89,0.00
6397,LICEO MUNICIPAL BARROS ARANA,I. Medio,Matematicas,100.00,0.00,0.00
6397,LICEO MUNICIPAL BARROS ARANA,II. Medio,Matematicas,100.00,0.00,0.00
6452,LICEO REINO DE SUECIA,8.° Básico,Matematicas,100.00,0.00,0.00
6504,ESCUELA TRANAPUENTE,8.° Básico,Matematicas,100.00,0.00,0.00
6585,LICEO BICENTENARIO LUIS GONZALEZ VASQUEZ 6585-4,8.° Básico,Matematicas,100.00,0.00,0.00
6585,LICEO BICENTENARIO LUIS GONZALEZ VASQUEZ 6585-4,I. Medio,Matematicas,100.00,0.00,0.00
6585,LICEO BICENTENARIO LUIS GONZALEZ VASQUEZ 6585-4,II. Medio,Matematicas,100.00,0.00,0.00
6593,ESCUELA BASICA EL CRUCERO,8.° Básico,Matematicas,100.00,0.00,0.00
20053,LICEO TECNICO PROFESIONAL HUALPIN,II. Medio,Matematicas,100.00,0.00,0.00
20248,LICEO MUNICIPAL TROVOLHUE,I. Medio,Matematicas,100.00,0.00,0.00
20248,LICEO MUNICIPAL TROVOLHUE,II. Medio,Matematicas,100.00,0.00,0.00
6501,ESCUELA BASICA KIM RUKA,5.° Básico,Matematicas,10.14,56.52,33.33
6350,ESCUELA RAYEN LAFQUEN QUEULE,5.° Básico,Matematicas,0.00,0.00,100.00
6350,ESCUELA RAYEN LAFQUEN QUEULE,6.° Básico,Matematicas,0.00,16.67,83.33
6350,ESCUELA RAYEN LAFQUEN QUEULE,8.° Básico,Matematicas,0.00,61.11,38.89
6350,ESCUELA RAYEN LAFQUEN QUEULE,7.° Básico,Matematicas,0.00,73.91,26.09
6352,ESCUELA AMANECER DE VILLA LOS BOLDOS,3.° Básico,Matematicas,0.00,72.73,27.27
6361,ESCUELA DE CAYCHAYEN,5.° Básico,Matematicas,0.00,0.00,100.00
6370,ESCUELA LA CONCEPCION,5.° Básico,Matematicas,0.00,100.00,0.00
6371,ESCUELA ANTU-LAFQUEN,5.° Básico,Matematicas,0.00,0.00,100.00
6371,ESCUELA ANTU-LAFQUEN,6.° Básico,Matematicas,0.00,33.33,66.67
6373,ESCUELA PORMA,5.° Básico,Matematicas,0.00,100.00,0.00
6374,ESCUELA BASICA RURAL FLOR DEL VALLE,5.° Básico,Matematicas,0.00,0.00,100.00
6374,ESCUELA BASICA RURAL FLOR DEL VALLE,3.° Básico,Matematicas,0.00,100.00,0.00
6399,ESCUELA HORIZONTES,4.° Básico,Matematicas,0.00,33.33,66.67
6411,ESCUELA PUYEHUE,5.° Básico,Matematicas,0.00,0.00,100.00
6411,ESCUELA PUYEHUE,3.° Básico,Matematicas,0.00,100.00,0.00
6411,ESCUELA PUYEHUE,6.° Básico,Matematicas,0.00,16.67,83.33
6411,ESCUELA PUYEHUE,4.° Básico,Matematicas,0.00,50.00,50.00
6415,ESCUELA LOS TRONCOS,5.° Básico,Matematicas,0.00,100.00,0.00
6415,ESCUELA LOS TRONCOS,4.° Básico,Matematicas,0.00,50.00,50.00
6455,ESCUELA BASICA BARTOLO LLANCALEO,5.° Básico,Matematicas,0.00,0.00,100.00
6455,ESCUELA BASICA BARTOLO LLANCALEO,6.° Básico,Matematicas,0.00,85.71,14.29
6458,ESCUELA BASICA CALOF,3.° Básico,Matematicas,0.00,80.00,20.00
6459,ESC. BASICA ANTONIO LADINO,3.° Básico,Matematicas,0.00,100.00,0.00
6499,ROMILIO ADRIAZOLA,6.° Básico,Matematicas,0.00,13.64,86.36
6502,ESCUELA BASICA NEHUENTUE,4.° Básico,Matematicas,0.00,13.33,86.67
6502,ESCUELA BASICA NEHUENTUE,3.° Básico,Matematicas,0.00,18.18,81.82
6502,ESCUELA BASICA NEHUENTUE,6.° Básico,Matematicas,0.00,66.67,33.33
6504,ESCUELA TRANAPUENTE,3.° Básico,Matematicas,0.00,44.44,55.56
6506,ESCUELA MUNICIPAL DINAMARCA,3.° Básico,Matematicas,0.00,0.00,100.00
6506,ESCUELA MUNICIPAL DINAMARCA,5.° Básico,Matematicas,0.00,50.00,50.00
6508,"ESCUELA BASICA DINAMARCA, LUCERO",5.° Básico,Matematicas,0.00,50.00,50.00
6512,ESCUELA VILLA LAS ARAUCARIAS,6.° Básico,Matematicas,0.00,0.00,100.00
6512,ESCUELA VILLA LAS ARAUCARIAS,5.° Básico,Matematicas,0.00,100.00,0.00
6515,ESCUELA CATRIPULLI,6.° Básico,Matematicas,0.00,100.00,0.00
6518,ESCUELA BASICA EL MANZANO,3.° Básico,Matematicas,0.00,0.00,100.00
6518,ESCUELA BASICA EL MANZANO,5.° Básico,Matematicas,0.00,100.00,0.00
6522,ESCUELA BASICA PUYANGUE,6.° Básico,Matematicas,0.00,100.00,0.00
6524,ESCUELA CULLINCO,6.° Básico,Matematicas,0.00,100.00,0.00
6528,ESCUELA BASICA BAJO YUPEHUE,6.° Básico,Matematicas,0.00,100.00,0.00
6528,ESCUELA BASICA BAJO YUPEHUE,8.° Básico,Matematicas,0.00,100.00,0.00
6528,ESCUELA BASICA BAJO YUPEHUE,3.° Básico,Matematicas,0.00,40.00,60.00
6528,ESCUELA BASICA BAJO YUPEHUE,7.° Básico,Matematicas,0.00,75.00,25.00
6539,ESCUELA BASICA COI COI,6.° Básico,Matematicas,0.00,100.00,0.00
6539,ESCUELA BASICA COI COI,3.° Básico,Matematicas,0.00,66.67,33.33
6588,ESCUELA REPUBLICA,3.° Básico,Matematicas,0.00,29.63,70.37
6635,ESC. BASICA LOS ROBLES,3.° Básico,Matematicas,0.00,0.00,100.00
6635,ESC. BASICA LOS ROBLES,4.° Básico,Matematicas,0.00,0.00,100.00
6635,ESC. BASICA LOS ROBLES,6.° Básico,Matematicas,0.00,100.00,0.00
6635,ESC. BASICA LOS ROBLES,5.° Básico,Matematicas,0.00,50.00,50.00
6459,ESC. BASICA ANTONIO LADINO,7.° Básico,Historia,85.71,14.29,0.00
6458,ESCUELA BASICA CALOF,7.° Básico,Historia,77.78,22.22,0.00
6587,ESCUELA ALEJANDRO GOROSTIAGA,5.° Básico,Historia,77.27,20.45,2.27
6351,ESCUELA EL SEMBRADOR,7.° Básico,Historia,75.00,25.00,0.00
6352,ESCUELA AMANECER DE VILLA LOS BOLDOS,5.° Básico,Historia,75.00,25.00,0.00
6458,ESCUELA BASICA CALOF,5.° Básico,Historia,75.00,25.00,0.00
6459,ESC. BASICA ANTONIO LADINO,5.° Básico,Historia,75.00,25.00,0.00
6452,LICEO REINO DE SUECIA,5.° Básico,Historia,68.75,31.25,0.00
6349,ESCUELA AGUAS Y GAVIOTAS,5.° Básico,Historia,64.29,28.57,7.14
6351,ESCUELA EL SEMBRADOR,5.° Básico,Historia,60.00,40.00,0.00
6588,ESCUELA REPUBLICA,7.° Básico,Historia,58.82,35.29,5.88
6352,ESCUELA AMANECER DE VILLA LOS BOLDOS,7.° Básico,Historia,53.33,46.67,0.00
6500,COMPLEJO EDUCACIONAL DARÍO SALAS,7.° Básico,Historia,53.33,40.00,6.67
6457,ESC. BASICA AUGUSTO WINTER TAPIA,6.° Básico,Historia,52.38,47.62,0.00
6452,LICEO REINO DE SUECIA,6.° Básico,Historia,50.00,33.33,16.67
6588,ESCUELA REPUBLICA,5.° Básico,Historia,50.00,41.67,8.33
6502,ESCUELA BASICA NEHUENTUE,7.° Básico,Historia,5.00,35.00,60.00
6457,ESC. BASICA AUGUSTO WINTER TAPIA,7.° Básico,Historia,46.15,53.85,0.00
6457,ESC. BASICA AUGUSTO WINTER TAPIA,5.° Básico,Historia,45.45,36.36,18.18
6587,ESCUELA ALEJANDRO GOROSTIAGA,6.° Básico,Historia,40.63,59.38,0.00
6352,ESCUELA AMANECER DE VILLA LOS BOLDOS,6.° Básico,Historia,40.00,60.00,0.00
6499,ROMILIO ADRIAZOLA,5.° Básico,Historia,4.00,24.00,72.00
6459,ESC. BASICA ANTONIO LADINO,6.° Básico,Historia,36.36,63.64,0.00
6587,ESCUELA ALEJANDRO GOROSTIAGA,7.° Básico,Historia,35.48,64.52,0.00
6455,ESCUELA BASICA BARTOLO LLANCALEO,7.° Básico,Historia,33.33,66.67,0.00
6589,ESCUELA JUAN XXIII,7.° Básico,Historia,31.25,34.38,34.38
6349,ESCUELA AGUAS Y GAVIOTAS,6.° Básico,Historia,30.00,67.50,2.50
6349,ESCUELA AGUAS Y GAVIOTAS,7.° Básico,Historia,28.57,61.90,9.52
6502,ESCUELA BASICA NEHUENTUE,5.° Básico,Historia,28.57,38.10,33.33
6499,ROMILIO ADRIAZOLA,7.° Básico,Historia,25.00,64.29,10.71
6588,ESCUELA REPUBLICA,6.° Básico,Historia,23.08,61.54,15.38
6351,ESCUELA EL SEMBRADOR,6.° Básico,Historia,22.22,77.78,0.00
6589,ESCUELA JUAN XXIII,5.° Básico,Historia,19.23,30.77,50.00
6455,ESCUELA BASICA BARTOLO LLANCALEO,6.° Básico,Historia,14.29,71.43,14.29
6589,ESCUELA JUAN XXIII,6.° Básico,Historia,12.50,45.83,41.67
6370,ESCUELA LA CONCEPCION,5.° Básico,Historia,100.00,0.00,0.00
6374,ESCUELA BASICA RURAL FLOR DEL VALLE,6.° Básico,Historia,100.00,0.00,0.00
6455,ESCUELA BASICA BARTOLO LLANCALEO,5.° Básico,Historia,100.00,0.00,0.00
6458,ESCUELA BASICA CALOF,6.° Básico,Historia,100.00,0.00,0.00
6361,ESCUELA DE CAYCHAYEN,5.° Básico,Historia,0.00,0.00,100.00
6371,ESCUELA ANTU-LAFQUEN,5.° Básico,Historia,0.00,100.00,0.00
6371,ESCUELA ANTU-LAFQUEN,6.° Básico,Historia,0.00,33.33,66.67
6374,ESCUELA BASICA RURAL FLOR DEL VALLE,5.° Básico,Historia,0.00,100.00,0.00
6452,LICEO REINO DE SUECIA,7.° Básico,Historia,0.00,78.26,21.74
6499,ROMILIO ADRIAZOLA,6.° Básico,Historia,0.00,90.91,9.09
6502,ESCUELA BASICA NEHUENTUE,6.° Básico,Historia,0.00,22.22,77.78
6506,ESCUELA MUNICIPAL DINAMARCA,5.° Básico,Historia,0.00,100.00,0.00
6508,"ESCUELA BASICA DINAMARCA, LUCERO",5.° Básico,Historia,0.00,100.00,0.00
6508,"ESCUELA BASICA DINAMARCA, LUCERO",6.° Básico,Historia,0.00,100.00,0.00
6518,ESCUELA BASICA EL MANZANO,5.° Básico,Historia,0.00,100.00,0.00
6528,ESCUELA BASICA BAJO YUPEHUE,5.° Básico,Historia,0.00,0.00,100.00
6528,ESCUELA BASICA BAJO YUPEHUE,6.° Básico,Historia,0.00,0.00,100.00
6528,ESCUELA BASICA BAJO YUPEHUE,7.° Básico,Historia,0.00,50.00,50.00
6589,ESCUELA JUAN XXIII,8.° Básico,Formacion,8.70,73.91,17.39
6455,ESCUELA BASICA BARTOLO LLANCALEO,8.° Básico,Formacion,71.43,28.57,0.00
6459,ESC. BASICA ANTONIO LADINO,8.° Básico,Formacion,66.67,33.33,0.00
6588,ESCUELA REPUBLICA,8.° Básico,Formacion,62.50,37.50,0.00
6349,ESCUELA AGUAS Y GAVIOTAS,8.° Básico,Formacion,6.06,78.79,15.15
6457,ESC. BASICA AUGUSTO WINTER TAPIA,8.° Básico,Formacion,54.55,40.91,4.55
6587,ESCUELA ALEJANDRO GOROSTIAGA,8.° Básico,Formacion,51.52,48.48,0.00
6500,COMPLEJO EDUCACIONAL DARÍO SALAS,8.° Básico,Formacion,41.18,58.82,0.00
6452,LICEO REINO DE SUECIA,8.° Básico,Formacion,28.57,71.43,0.00
6502,ESCUELA BASICA NEHUENTUE,8.° Básico,Formacion,15.79,26.32,57.89
6352,ESCUELA AMANECER DE VILLA LOS BOLDOS,8.° Básico,Formacion,13.33,66.67,20.00
6528,ESCUELA BASICA BAJO YUPEHUE,8.° Básico,Formacion,12.50,87.50,0.00
6351,ESCUELA EL SEMBRADOR,8.° Básico,Formacion,0.00,100.00,0.00
6499,ROMILIO ADRIAZOLA,8.° Básico,Formacion,0.00,53.85,46.15
